01	12948000
02	36192000
03	181404000
04	55908000
05	18900000
06	48228000
07	209208000
08	417612000
09	23532000
10	39528000
11	84432000
12	39864000
13	111288000
14	82560000
15	372468000
16	30228000
17	110688000
18	81912000
19	33216000
20	37728000
21	30972000
22	24204000
23	66684000
24	56448000
25	60504000
26	16752000
27	68052000
28	684432000
29	178788000
30	127680000
31	27840000
32	86496000
33	78372000
34	10152000
35	69024000
36	220596000
37	32340000
38	63444000
39	36864000
40	30708000
41	145716000
42	7332000
43	80868000
44	21960000
45	142356000
46	141552000
47	28224000
48	41052000
49	22068000
50	64896000
51	2520000
52	4236000
